-0.000000	 0.000000	 0.000000	  
-0.000000	 -0.000000	 0.000000	  
0.250000	 -0.000000	 0.062500	  
0.250244	 -0.000000	 0.062622	  
0.250733	 -0.000000	 0.062867	  
0.251466	 -0.000000	 0.063235	  
0.252445	 -0.000000	 0.063728	  
0.253670	 -0.000000	 0.064349	  
0.005144	 -0.000000	 0.000026	  
0.006622	 -0.000000	 0.000044	  
0.008107	 -0.000000	 0.000066	  
0.009599	 -0.000000	 0.000092	  
0.011101	 -0.000000	 0.000123	  
0.012614	 -0.000000	 0.000159	  
0.014139	 -0.000000	 0.000200	  
0.015678	 -0.000000	 0.000246	  
0.017232	 -0.000000	 0.000297	  
0.018803	 -0.000000	 0.000354	  
0.020393	 -0.000000	 0.000416	  
0.022002	 -0.000000	 0.000484	  
0.023633	 -0.000000	 0.000559	  
0.025287	 -0.000000	 0.000639	  
0.026966	 -0.000000	 0.000727	  
0.028671	 -0.000000	 0.000822	  
0.030404	 -0.000000	 0.000924	  
0.032166	 -0.000000	 0.001035	  
0.033960	 -0.000000	 0.001153	  
0.035787	 -0.000000	 0.001281	  
0.037650	 -0.000000	 0.001417	  
0.039549	 -0.000000	 0.001564	  
0.041486	 -0.000000	 0.001721	  
0.043464	 -0.000000	 0.001889	  
0.045485	 -0.000000	 0.002069	  
0.047550	 -0.000000	 0.002261	  
0.049661	 -0.000000	 0.002466	  
0.051821	 -0.000000	 0.002685	  
0.054031	 -0.000000	 0.002919	  
0.056295	 -0.000000	 0.003169	  
0.058613	 -0.000000	 0.003435	  
0.060988	 -0.000000	 0.003720	  
0.063423	 -0.000000	 0.004023	  
0.065920	 -0.000000	 0.004345	  
0.068482	 -0.000000	 0.004690	  
0.071110	 -0.000000	 0.005057	  
0.073808	 -0.000000	 0.005448	  
0.076577	 -0.000000	 0.005864	  
0.079422	 -0.000000	 0.006308	  
0.082344	 -0.000000	 0.006781	  
0.085346	 -0.000000	 0.007284	  
0.088432	 -0.000000	 0.007820	  
0.091604	 -0.000000	 0.008391	  
0.094866	 -0.000000	 0.009000	  
0.098220	 -0.000000	 0.009647	  
0.101671	 -0.000000	 0.010337	  
0.105220	 -0.000000	 0.011071	  
0.108872	 -0.000000	 0.011853	  
0.112631	 -0.000000	 0.012686	  
0.116499	 -0.000000	 0.013572	  
0.120482	 -0.000000	 0.014516	  
0.124582	 -0.000000	 0.015521	  
0.128803	 -0.000000	 0.016590	  
0.133151	 -0.000000	 0.017729	  
0.137628	 -0.000000	 0.018942	  
0.142240	 -0.000000	 0.020232	  
0.146991	 -0.000000	 0.021606	  
0.151885	 -0.000000	 0.023069	  
0.156928	 -0.000000	 0.024626	  
0.162124	 -0.000000	 0.026284	  
0.167478	 -0.000000	 0.028049	  
0.172996	 -0.000000	 0.029927	  
0.178683	 -0.000000	 0.031928	  
0.184547	 -0.000000	 0.034058	  
0.190588	 -0.000000	 0.036324	  
0.196816	 -0.000000	 0.038736	  
0.203235	 -0.000000	 0.041304	  
0.209854	 -0.000000	 0.044039	  
0.216676	 -0.000000	 0.046948	  
0.223708	 -0.000000	 0.050045	  
0.230962	 -0.000000	 0.053343	  
0.238440	 -0.000000	 0.056854	  
0.246151	 -0.000000	 0.060591	  
0.254100	 -0.000000	 0.064567	  
0.262301	 -0.000000	 0.068802	  
0.270757	 -0.000000	 0.073309	  
0.279478	 -0.000000	 0.078108	  
0.288471	 -0.000000	 0.083216	  
0.297748	 -0.000000	 0.088654	  
0.307317	 -0.000000	 0.094444	  
0.317183	 -0.000000	 0.100605	  
0.327359	 -0.000000	 0.107164	  
0.337854	 -0.000000	 0.114146	  
0.348680	 -0.000000	 0.121578	  
0.359846	 -0.000000	 0.129489	  
0.371364	 -0.000000	 0.137911	  
0.383244	 -0.000000	 0.146876	  
0.395498	 -0.000000	 0.156419	  
0.408139	 -0.000000	 0.166577	  
0.421178	 -0.000000	 0.177391	  
0.434629	 -0.000000	 0.188902	  
0.448504	 -0.000000	 0.201156	  
0.462817	 -0.000000	 0.214199	  
0.477582	 -0.000000	 0.228084	  
0.492813	 -0.000000	 0.242865	  
0.508526	 -0.000000	 0.258599	  
0.524735	 -0.000000	 0.275347	  
0.541457	 -0.000000	 0.293175	  
0.558707	 -0.000000	 0.312154	  
0.576503	 -0.000000	 0.332356	  
0.594862	 -0.000000	 0.353861	  
0.613802	 -0.000000	 0.376753	  
0.633342	 -0.000000	 0.401121	  
0.653499	 -0.000000	 0.427061	  
0.674295	 -0.000000	 0.454674	  
0.695750	 -0.000000	 0.484068	  
0.717884	 -0.000000	 0.515357	  
0.740719	 -0.000000	 0.548665	  
0.764277	 -0.000000	 0.584120	  
0.788582	 -0.000000	 0.621862	  
0.813657	 -0.000000	 0.662038	  
0.839526	 -0.000000	 0.704805	  
0.866216	 -0.000000	 0.750330	  
0.893751	 -0.000000	 0.798791	  
0.922159	 -0.000000	 0.850377	  
0.951468	 -0.000000	 0.905290	  
0.981705	 -0.000000	 0.963745	  
1.012902	 -0.000000	 1.025970	  
1.045087	 -0.000000	 1.092207	  
1.078293	 -0.000000	 1.162717	  
1.112553	 -0.000000	 1.237773	  
1.147898	 -0.000000	 1.317671	  
1.184365	 -0.000000	 1.402721	  
1.221988	 -0.000000	 1.493255	  
1.260805	 -0.000000	 1.589629	  
1.300853	 -0.000000	 1.692218	  
1.342171	 -0.000000	 1.801423	  
1.384800	 -0.000000	 1.917671	  
1.428781	 -0.000000	 2.041416	  
1.474158	 -0.000000	 2.173142	  
1.520974	 -0.000000	 2.313362	  
1.569276	 -0.000000	 2.462626	  
1.619110	 -0.000000	 2.621516	  
1.670525	 -0.000000	 2.790653	  
1.723571	 -0.000000	 2.970699	  
1.778301	 -0.000000	 3.162355	  
1.834768	 -0.000000	 3.366372	  
1.893026	 -0.000000	 3.583546	  
1.953133	 -0.000000	 3.814727	  
2.015146	 -0.000000	 4.060815	  
2.079129	 -0.000000	 4.322777	  
2.145140	 -0.000000	 4.601625	  
2.213245	 -0.000000	 4.898453	  
2.283514	 -0.000000	 5.214438	  
2.356012	 -0.000000	 5.550794	  
2.430813	 -0.000000	 5.908850	  
2.507985	 -0.000000	 6.289989	  
2.587610	 -0.000000	 6.695724	  
2.669761	 -0.000000	 7.127624	  
2.754517	 -0.000000	 7.587366	  
2.841964	 -0.000000	 8.076759	  
2.932187	 -0.000000	 8.597723	  
3.025275	 -0.000000	 9.152292	  
3.121314	 -0.000000	 9.742603	  
3.220403	 -0.000000	 10.370996	  
3.322635	 -0.000000	 11.039904	  
3.428114	 -0.000000	 11.751964	  
3.536937	 -0.000000	 12.509923	  
3.649214	 -0.000000	 13.316765	  
3.765058	 -0.000000	 14.175662	  
3.884578	 -0.000000	 15.089944	  
4.007891	 -0.000000	 16.063193	  
4.135119	 -0.000000	 17.099207	  
4.266384	 -0.000000	 18.202036	  
4.401816	 -0.000000	 19.375988	  
4.541547	 -0.000000	 20.625651	  
4.685713	 -0.000000	 21.955906	  
4.834455	 -0.000000	 23.371952	  
4.987918	 -0.000000	 24.879321	  
5.146251	 -0.000000	 26.483903	  
5.309611	 -0.000000	 28.191968	  
5.478156	 -0.000000	 30.010188	  
5.652050	 -0.000000	 31.945669	  
5.831464	 -0.000000	 34.005972	  
6.016573	 -0.000000	 36.199148	  
6.207557	 -0.000000	 38.533765	  
6.404603	 -0.000000	 41.018946	  
6.607904	 -0.000000	 43.664401	  
6.817658	 -0.000000	 46.480465	  
7.034070	 -0.000000	 49.478143	  
7.257351	 -0.000000	 52.669146	  
7.487719	 -0.000000	 56.065943	  
7.725400	 -0.000000	 59.681805	  
7.970625	 -0.000000	 63.530860	  
8.223634	 -0.000000	 67.628148	  
8.484673	 -0.000000	 71.989677	  
8.753998	 -0.000000	 76.632489	  
9.031873	 -0.000000	 81.574723	  
9.318567	 -0.000000	 86.835691	  
9.614362	 -0.000000	 92.435948	  
9.919545	 -0.000000	 98.397376	  
10.234416	 -0.000000	 104.743266	  
10.559281	 -0.000000	 111.498414	  
10.894458	 -0.000000	 118.689213	  
11.240274	 -0.000000	 126.343759	  
11.597067	 -0.000000	 134.491961	  
11.965185	 -0.000000	 143.165654	  
12.344988	 -0.000000	 152.398729	  
12.736847	 -0.000000	 162.227261	  
13.141143	 -0.000000	 172.689652	  
13.558274	 -0.000000	 183.826781	  
13.988644	 -0.000000	 195.682163	  
14.432675	 -0.000000	 208.302120	  
14.890801	 -0.000000	 221.735960	  
15.363469	 -0.000000	 236.036171	  
15.851140	 -0.000000	 251.258628	  
16.354290	 -0.000000	 267.462809	  
16.873412	 -0.000000	 284.712025	  
17.409011	 -0.000000	 303.073674	  
17.961612	 -0.000000	 322.619497	  
18.531753	 -0.000000	 343.425866	  
19.119991	 -0.000000	 365.574072	  
19.726902	 -0.000000	 389.150657	  
20.353077	 -0.000000	 414.247734	  
20.999128	 -0.000000	 440.963368	  
21.665686	 -0.000000	 469.401937	  
22.353402	 -0.000000	 499.674566	  
23.062947	 -0.000000	 531.899518	  
23.795015	 -0.000000	 566.202733	  
24.550319	 -0.000000	 602.718185	  
25.329602	 -0.000000	 641.588743	  
26.133620	 -0.000000	 682.966068	  
26.963156	 -0.000000	 727.011771	  
27.819025	 -0.000000	 773.898137	  
28.702059	 -0.000000	 823.808211	  
29.613125	 -0.000000	 876.937168	  
30.553105	 -0.000000	 933.492253	  
31.522925	 -0.000000	 993.694813	  
32.523530	 -0.000000	 1057.780014	  
33.555897	 -0.000000	 1125.998196	  
34.621029	 -0.000000	 1198.615680	  
35.719973	 -0.000000	 1275.916469	  
36.853802	 -0.000000	 1358.202700	  
38.023619	 -0.000000	 1445.795599	  
39.230570	 -0.000000	 1539.037626	  
40.475831	 -0.000000	 1638.292861	  
41.760622	 -0.000000	 1743.949588	  
43.086194	 -0.000000	 1856.420126	  
44.453841	 -0.000000	 1976.143948	  
45.864900	 -0.000000	 2103.589024	  
47.320748	 -0.000000	 2239.253223	  
48.822809	 -0.000000	 2383.666667	  
50.372548	 -0.000000	 2537.393568	  
51.971479	 -0.000000	 2701.034601	  
53.621163	 -0.000000	 2875.229122	  
55.323212	 -0.000000	 3060.657760	  
57.079287	 -0.000000	 3258.045010	  
58.891104	 -0.000000	 3468.162114	  
60.760431	 -0.000000	 3691.830032	  
62.689095	 -0.000000	 3929.922692	  
64.678979	 -0.000000	 4183.370360	  
66.732026	 -0.000000	 4453.163316	  
68.850241	 -0.000000	 4740.355688	  
71.035692	 -0.000000	 5046.069603	  
73.290515	 -0.000000	 5371.499544	  
75.616910	 -0.000000	 5717.917032	  
78.017149	 -0.000000	 6086.675590	  
80.493578	 -0.000000	 6479.216035	  
83.048613	 -0.000000	 6897.072101	  
85.684750	 -0.000000	 7341.876437	  
88.404564	 -0.000000	 7815.366982	  
91.210711	 -0.000000	 8319.393763	  
94.105930	 -0.000000	 8855.926112	  
97.093050	 -0.000000	 9427.060374	  
100.174987	 -0.000000	 10035.028081	  
103.354752	 -0.000000	 10682.204695	  
106.635448	 -0.000000	 11371.118857	  
110.020281	 -0.000000	 12104.462307	  
113.512556	 -0.000000	 12885.100360	  
117.115683	 -0.000000	 13716.083129	  
120.833180	 -0.000000	 14600.657435	  
124.668679	 -0.000000	 15542.279485	  
128.625924	 -0.000000	 16544.628394	  
132.708781	 -0.000000	 17611.620537	  
136.921236	 -0.000000	 18747.424870	  
141.267403	 -0.000000	 19956.479217	  
145.751527	 -0.000000	 21243.507598	  
150.377986	 -0.000000	 22613.538694	  
155.151299	 -0.000000	 24071.925493	  
160.076126	 -0.000000	 25624.366214	  
165.157278	 -0.000000	 27276.926559	  
170.399717	 -0.000000	 29036.063414	  
175.808561	 -0.000000	 30908.650092	  
181.389093	 -0.000000	 32902.003161	  
187.146763	 -0.000000	 35023.911063	  
193.087194	 -0.000000	 37282.664521	  
199.216186	 -0.000000	 39687.088946	  
205.539726	 -0.000000	 42246.578916	  
212.063988	 -0.000000	 44971.134884	  
218.795343	 -0.000000	 47871.402233	  
225.740366	 -0.000000	 50958.712909	  
232.905839	 -0.000000	 54245.129654	  
240.298758	 -0.000000	 57743.493174	  
247.926344	 -0.000000	 61467.472281	  
255.796046	 -0.000000	 65431.617345	  
263.915549	 -0.000000	 69651.417042	  
272.292782	 -0.000000	 74143.359069	  
280.935925	 -0.000000	 78924.994220	  
289.853421	 -0.000000	 84015.005566	  
299.053972	 -0.000000	 89433.278452	  
308.546572	 -0.000000	 95200.987190	  
318.340487	 -0.000000	 101340.665937	  
328.445282	 -0.000000	 107876.303046	  
338.870824	 -0.000000	 114833.435131	  
349.627294	 -0.000000	 122239.244473	  
360.725201	 -0.000000	 130122.670340	  
372.175375	 -0.000000	 138514.509535	  
383.989001	 -0.000000	 147447.552988	  
396.177617	 -0.000000	 156956.703968	  
408.753128	 -0.000000	 167079.119788	  
421.727809	 -0.000000	 177854.345246	  
435.114334	 -0.000000	 189324.483328	  
448.925775	 -0.000000	 201534.351107	  
463.175619	 -0.000000	 214531.654258	  
477.877784	 -0.000000	 228367.176791	  
493.046623	 -0.000000	 243094.972346	  
508.696956	 -0.000000	 258772.592844	  
524.844063	 -0.000000	 275461.290934	  
541.503714	 -0.000000	 293226.272206	  
558.692177	 -0.000000	 312136.948374	  
576.426237	 -0.000000	 332267.207085	  
594.723214	 -0.000000	 353695.701527	  
613.600975	 -0.000000	 376506.157067	  
633.077956	 -0.000000	 400787.698894	  
653.173178	 -0.000000	 426635.199891	  
673.906263	 -0.000000	 454149.651515	  
695.297460	 -0.000000	 483438.558261	  
717.367659	 -0.000000	 514616.357989	  
740.138412	 -0.000000	 547804.868616	  
763.631956	 -0.000000	 583133.764471	  
787.871235	 -0.000000	 620741.082687	  
812.879919	 -0.000000	 660773.762776	  
838.682431	 -0.000000	 703388.220533	  
865.303969	 -0.000000	 748750.959345	  
892.770531	 -0.000000	 797039.220664	  
921.108938	 -0.000000	 848441.676556	  
950.346867	 -0.000000	 903159.166878	  
980.512868	 -0.000000	 961405.484031	  
1011.636401	 -0.000000	 1023408.208247	  
1043.747861	 -0.000000	 1089409.596761	  
1076.878605	 -0.000000	 1159667.530467	  
1111.060989	 -0.000000	 1234456.521406	  
1146.328393	 -0.000000	 1314068.785420	  
1182.715259	 -0.000000	 1398815.383813	  
1220.257120	 -0.000000	 1489027.438791	  
1258.990638	 -0.000000	 1585057.427280	  
1298.953640	 -0.000000	 1687280.557944	  
1340.185150	 -0.000000	 1796096.237441	  
1382.725436	 -0.000000	 1911929.630740	  
1426.616039	 -0.000000	 2035233.322544	  
1471.899822	 -0.000000	 2166489.085512	  
1518.621007	 -0.000000	 2306209.762559	  
1566.825220	 -0.000000	 2454941.270831	  
1616.559536	 -0.000000	 2613264.734701	  
1667.872524	 -0.000000	 2781798.756111	  
1720.814293	 -0.000000	 2961201.831886	  
1775.436545	 -0.000000	 3152174.926355	  
1831.792622	 -0.000000	 3355464.210275	  
1889.937559	 -0.000000	 3571863.976257	  
1949.928138	 -0.000000	 3802219.742334	  
2011.822943	 -0.000000	 4047431.555447	  
2075.682420	 -0.000000	 4308457.507935	  
2141.568930	 -0.000000	 4586317.481387	  
2209.546816	 -0.000000	 4882097.131413	  
2279.682462	 -0.000000	 5196952.129269	  
2352.044361	 -0.000000	 5532112.677622	  
2426.703179	 -0.000000	 5888888.317068	  
2503.731823	 -0.000000	 6268673.042508	  
2583.205518	 -0.000000	 6672950.750086	  
2665.201875	 -0.000000	 7103301.035603	  
2749.800968	 -0.000000	 7561405.364743	  
2837.085414	 -0.000000	 8049053.645067	  
2927.140450	 -0.000000	 8568151.216904	  
3020.054023	 -0.000000	 9120726.301286	  
3115.916867	 -0.000000	 9708937.920236	  
3214.822598	 -0.000000	 10335084.338325	  
3316.867805	 -0.000000	 11001612.033544	  
3422.152141	 -0.000000	 11711125.273300	  
3530.778425	 -0.000000	 12466396.288679	  
3642.852731	 -0.000000	 13270376.021624	  
3758.484512	 -0.000000	 14126205.824573	  
3877.786686	 -0.000000	 15037229.584050	  
4000.875763	 -0.000000	 16007006.869420	  
4127.871943	 -0.000000	 17039326.779618	  
4258.899246	 -0.000000	 18138222.785591	  
4394.085634	 -0.000000	 19307988.555375	  
4533.563120	 -0.000000	 20553194.567011	  
4677.467914	 -0.000000	 21878706.090860	  
4825.940545	 -0.000000	 23289702.140390	  
4979.126012	 -0.000000	 24791695.845338	  
5137.173906	 -0.000000	 26390555.743677	  
5300.238573	 -0.000000	 28092528.927974	  
5468.479252	 -0.000000	 29904265.334655	  
5642.060245	 -0.000000	 31832843.811815	  
5821.151066	 -0.000000	 33885799.728464	  
6005.926599	 -0.000000	 36071154.317991	  
6196.567297	 -0.000000	 38397446.261329	  
6393.259329	 -0.000000	 40873764.844244	  
6596.194778	 -0.000000	 43509785.553800	  
6805.571824	 -0.000000	 46315807.855600	  
7021.594937	 -0.000000	 49302795.453283	  
7244.475075	 -0.000000	 52482419.113546	  
7474.429896	 -0.000000	 55867102.275433	  
7711.683966	 -0.000000	 59470069.583919	  
7956.468976	 -0.000000	 63305398.567685	  
8209.023976	 -0.000000	 67388074.636542	  
8469.595601	 -0.000000	 71734049.638502	  
8738.438315	 -0.000000	 76360304.182554	  
9015.814660	 -0.000000	 81284913.987471	  
9301.995512	 -0.000000	 86527120.507218	  
9597.260344	 -0.000000	 92107406.110311	  
9901.897500	 -0.000000	 98047574.108844	  
10216.204479	 -0.000000	 104370833.949195	  
10540.488219	 -0.000000	 111101891.895458	  
10875.065405	 -0.000000	 118267047.561955	  
11220.262772	 -0.000000	 125894296.671258	  
11576.417427	 -0.000000	 134013440.439255	  
11943.877177	 -0.000000	 142656202.013999	  
12323.000869	 -0.000000	 151856350.424854	  
12714.158742	 -0.000000	 161649832.526619	  
13117.732786	 -0.000000	 172074913.447816	  
13534.117116	 -0.000000	 183172326.103277	  
13963.718357	 -0.000000	 194985430.344142	  
14406.956041	 -0.000000	 207560382.375083	  
14864.263019	 -0.000000	 220946315.094299	  
15336.085878	 -0.000000	 235195530.068077	  
15822.885384	 -0.000000	 250363701.881478	  
16325.136927	 -0.000000	 266510095.670469	  
16843.330985	 -0.000000	 283697798.683914	  
17377.973610	 -0.000000	 301993966.779383	  
17929.586911	 -0.000000	 321470086.810950	  
18498.709575	 -0.000000	 342202255.947445	  
19085.897385	 -0.000000	 364271478.994716	  
19691.723767	 -0.000000	 387763984.904221	  
20316.780347	 -0.000000	 412771563.679747	  
20961.677534	 -0.000000	 439391925.026171	  
21627.045108	 -0.000000	 467729080.115994	  
22313.532844	 -0.000000	 497893747.986864	  
23021.811139	 -0.000000	 530003788.138767	  
23752.571672	 -0.000000	 564184661.039750	  
24506.528076	 -0.000000	 600569918.319870	  
25284.416635	 -0.000000	 639301724.593199	  
26086.997008	 -0.000000	 680531412.913626	  
26915.052964	 -0.000000	 724420076.071645	  
27769.393152	 -0.000000	 771139196.010297	  
28650.851887	 -0.000000	 820871313.851817	  
29560.289970	 -0.000000	 873810743.104704	  
30498.595524	 -0.000000	 930164328.906792	  
31466.684862	 -0.000000	 990152256.186805	  
32465.503384	 -0.000000	 1054008910.007463	  
33496.026500	 -0.000000	 1121983791.305560	  
34559.260580	 -0.000000	 1194342491.807125	  
35656.243937	 -0.000000	 1271367731.664690	  
36788.047845	 -0.000000	 1353360464.219015	  
37955.777580	 -0.000000	 1440641051.712116	  
39160.573506	 -0.000000	 1533550517.288471	  
40403.612176	 -0.000000	 1632451876.877512	  
41686.107497	 -0.000000	 1737731558.275217	  
43009.311913	 -0.000000	 1849800911.222378	  
44374.517607	 -0.000000	 1969097812.886833	  
45783.057794	 -0.000000	 2096088380.941725	  
47236.307995	 -0.000000	 2231268793.011099	  
48735.687407	 -0.000000	 2375167227.078136	  
50282.660265	 -0.000000	 2528345923.326104	  
51878.737279	 -0.000000	 2691403381.709402	  
53525.477123	 -0.000000	 2864976701.291327	  
55224.487943	 -0.000000	 3049744068.590096	  
56977.428929	 -0.000000	 3246427407.382764	  
58786.011930	 -0.000000	 3455795198.664039	  
60652.003149	 -0.000000	 3678665485.930366	  
62577.224837	 -0.000000	 3915909068.244513	  
64563.557098	 -0.000000	 4168452905.142677	  
66612.939704	 -0.000000	 4437283736.050191	  
68727.374009	 -0.000000	 4723451938.146523	  
70908.924894	 -0.000000	 5028075629.566308	  
73159.722774	 -0.000000	 5352345036.398162	  
75481.965697	 -0.000000	 5697527145.509856	  
77877.921477	 -0.000000	 6064970653.562621	  
80349.929915	 -0.000000	 6456111237.276373	  
82900.405080	 -0.000000	 6872477162.509714	  
85531.837673	 -0.000000	 7315695255.784616	  
88246.797451	 -0.000000	 7787497260.427312	  
91047.935743	 -0.000000	 8289726602.996652	  
93937.988034	 -0.000000	 8824345595.794138	  
96919.776641	 -0.000000	 9393443104.142210	  
99996.213468	 -0.000000	 9999242707.887915	  
103170.302847	 -0.000000	 10644111389.491455	  
106445.144475	 -0.000000	 11330568782.217886	  
109823.936439	 -0.000000	 12061297014.927721	  
113309.978341	 -0.000000	 12839151191.646709	  
116906.674519	 -0.000000	 13667170547.082880	  
120617.537371	 -0.000000	 14548590321.492752	  
124446.190787	 -0.000000	 15486854401.460941	  
128396.373687	 -0.000000	 16485628775.852503	  
132471.943670	 -0.000000	 17548815859.580147	  
136676.880785	 -0.000000	 18680569741.105339	  
141015.291417	 -0.000000	 19885312413.369141	  
145491.412294	 -0.000000	 21167751051.352154	  
150109.614629	 -0.000000	 22532896404.019302	  
154874.408384	 -0.000000	 23986082372.310249	  
159790.446679	 -0.000000	 25532986849.778034	  
164862.530331	 -0.000000	 27179653907.282944	  
170095.612549	 -0.000000	 28932517408.396084	  
175494.803763	 -0.000000	 30798426147.839417	  
181065.376622	 -0.000000	 32784670611.102051	  
186812.771137	 -0.000000	 34899011459.827164	  
192742.599999	 -0.000000	 37149709854.351242	  
198860.654056	 -0.000000	 39545559731.725029	  
205172.907971	 -0.000000	 42095922165.381485	  
211685.526054	 -0.000000	 44810761940.800911	  
218404.868283	 -0.000000	 47700686489.918129	  
225337.496517	 -0.000000	 50776987336.563095	  
232490.180900	 -0.000000	 54051684214.705742	  
239869.906474	 -0.000000	 57537572032.010841	  
247483.880005	 -0.000000	 61248270862.176994	  
255339.537012	 -0.000000	 65198279161.296913	  
263444.549035	 -0.000000	 69403030416.293732	  
271806.831126	 -0.000000	 73878953446.764236	  
280434.549575	 -0.000000	 78643536595.586288	  
289336.129890	 -0.000000	 83715396059.568237	  
298520.265018	 -0.000000	 89114348626.611130	  
307995.923843	 -0.000000	 94861489104.065353	  
317772.359938	 -0.000000	 100979272740.275162	  
327859.120602	 -0.000000	 107491602961.994858	  
338266.056189	 -0.000000	 114423924769.742142	  
349003.329722	 -0.000000	 121803324156.811737	  
360081.426818	 -0.000000	 129658633939.517181	  
371511.165933	 -0.000000	 138020546413.226532	  
383303.708921	 -0.000000	 146921733272.902496	  
395470.571938	 -0.000000	 156396973268.800964	  
408023.636684	 -0.000000	 166483288093.123596	  
420975.162014	 -0.000000	 177220087032.651520	  
434337.795900	 -0.000000	 188649320947.022278	  
448124.587790	 -0.000000	 200815646181.962219	  
462349.001347	 -0.000000	 213766599046.355194	  
477024.927605	 -0.000000	 227552781556.359039	  
492166.698518	 -0.000000	 242228059129.929840	  
507789.100968	 -0.000000	 257849771061.940369	  
523907.391215	 -0.000000	 274478954569.448761	  
540537.309771	 -0.000000	 292180583254.279175	  
557695.096796	 -0.000000	 311023820990.690308	  
575397.507934	 -0.000000	 331082292136.165894	  
593661.830702	 -0.000000	 352434369232.718506	  
612505.901355	 -0.000000	 375163479194.380920	  
631948.122302	 -0.000000	 399358429280.713318	  
652007.480083	 -0.000000	 425113754083.952637	  
672703.563919	 -0.000000	 452530084909.570801	  
694056.584834	 -0.000000	 481714542951.831299	  
716087.395380	 -0.000000	 512781157822.556274	  
738817.510026	 -0.000000	 545851313120.720459	  
762269.126143	 -0.000000	 581054220671.002319	  
786465.145710	 -0.000000	 618527425416.774658	  
811429.197644	 -0.000000	 658417342788.629883	  
837185.660900	 -0.000000	 700879830816.581177	  
863759.688279	 -0.000000	 746080799096.612671	  
891177.230979	 -0.000000	 794196857015.143921	  
919465.063943	 -0.000000	 845416003812.259399	  
948650.812009	 -0.000000	 899938363125.268311	  
978762.976883	 -0.000000	 957976964917.742310	  
1009830.964977	 -0.000000	 1019758577827.142212	  
1041885.116123	 -0.000000	 1085524595198.967896	  
1074956.733203	 -0.000000	 1155531978257.528076	  
1109078.112717	 -0.000000	 1230054260107.539551	  
1144282.576325	 -0.000000	 1309382614482.065430	  
1180604.503388	 -0.000000	 1393826993419.086426	  
1218079.364535	 -0.000000	 1483717338306.070312	  
1256743.756312	 -0.000000	 1579404869029.083008	  
1296635.436913	 -0.000000	 1681263456259.448486	  
1337793.363059	 -0.000000	 1789691082243.657471	  
1380257.728035	 -0.000000	 1905111395800.253662	  
1424070.000949	 -0.000000	 2027975367602.585693	  
1469272.967223	 -0.000000	 2158763052212.567627	  
1515910.770379	 -0.000000	 2297985463752.186035	  
1564028.955147	 -0.000000	 2446186572539.231934	  
1613674.511942	 -0.000000	 2603945430490.611328	  
1664895.922752	 -0.000000	 2771878433595.684570	  
1717743.208486	 -0.000000	 2950641730301.245605	  
1772267.977823	 -0.000000	 3140933785217.049805	  
1828523.477607	 -0.000000	 3343498108159.238770	  
1886564.644849	 -0.000000	 3559126159194.690430	  
1946448.160377	 -0.000000	 3788660441036.698730	  
2008232.504187	 -0.000000	 4032997790874.677734	  
2071978.012552	 -0.000000	 4293092884499.751465	  
2137746.936945	 -0.000000	 4569961966417.272461	  
2205603.504831	 -0.000000	 4864686820521.378906	  
2275613.982389	 -0.000000	 5178418996845.149414	  
2347846.739227	 -0.000000	 5512384310900.468750	  
2422372.315147	 -0.000000	 5867887633189.550781	  
2499263.489030	 -0.000000	 6246317987599.569336	  
2578595.349915	 -0.000000	 6649153978601.674805	  
2660445.370321	 -0.000000	 7077969568459.950195	  
2744893.481908	 -0.000000	 7534440227022.946289	  
2832022.153537	 -0.000000	 8020349478124.864258	  
2921916.471800	 -0.000000	 8537595868176.990234	  
3014664.224118	 -0.000000	 9088200384175.093750	  
3110355.984467	 -0.000000	 9674314350107.181641	  
3209085.201832	 -0.000000	 10298227832614.384766	  
3310948.291464	 -0.000000	 10962378588748.267578	  
3416044.729037	 -0.000000	 11669361590783.242188	  
3524477.147791	 -0.000000	 12421939165302.699219	  
3636351.438760	 -0.000000	 13223051786170.623047	  
3751776.854180	 -0.000000	 14075829563563.570312	  
3870866.114185	 -0.000000	 14983604473946.119141	  
3993735.516879	 -0.000000	 15949923378784.025391	  
4120505.051914	 -0.000000	 16978561882852.457031	  
4251298.517664	 -0.000000	 18073539086294.398438	  
4386243.642123	 -0.000000	 19239133288061.816406	  
4525472.207638	 -0.000000	 20479898702103.726562	  
4669120.179606	 -0.000000	 21800683251603.148438	  
4817327.839249	 -0.000000	 23206647510807.101562	  
4970239.920611	 -0.000000	 24703284868432.226562	  
5128005.751895	 -0.000000	 26296442991465.742188	  
5290779.401295	 -0.000000	 27992346673171.722656	  
5458719.827456	 -0.000000	 29797622154662.503906	  
5631991.034692	 -0.000000	 31719323014847.398438	  
5810762.233177	 -0.000000	 33764957730512.257812	  
5995208.004157	 -0.000000	 35942519013109.851562	  
6185508.470453	 -0.000000	 38260515038041.945312	  
6381849.472365	 -0.000000	 40728002687930.414062	  
6584422.749152	 -0.000000	 43354622939544.546875	  
6793426.126286	 -0.000000	 46150638533309.171875	  
7009063.708617	 -0.000000	 49126974071448.890625	  
7231546.079724	 -0.000000	 52295258703176.914062	  
7461090.507550	 -0.000000	 55667871561853.375000	  
7697921.156581	 -0.000000	 59257990132935.617188	  
7942269.306737	 -0.000000	 63079641740731.773438	  
8194373.579260	 -0.000000	 67147758356475.625000	  
8454480.169734	 -0.000000	 71478234940417.500000	  
8722843.088496	 -0.000000	 76087991546527.078125	  
8999724.408714	 -0.000000	 80995039432809.937500	  
9285394.522293	 -0.000000	 86218551434626.171875	  
9580132.403965	 -0.000000	 91778936877501.500000	  
9884225.883689	 -0.000000	 97697921319793.515625	  
10197971.927753	 -0.000000	 103998631439228.921875	  
10521676.928777	 -0.000000	 110705685393555.140625	  
10855657.004927	 -0.000000	 117845289008613.968750	  
11200238.308621	 -0.000000	 125445338169890.890625	  
11555757.345038	 -0.000000	 133535527817389.015625	  
11922561.300737	 -0.000000	 142147467969829.656250	  
12301008.382706	 -0.000000	 151314807231414.281250	  
12691468.168175	 -0.000000	 161073364263793.875000	  
13094321.965526	 -0.000000	 171461267736858.437500	  
13509963.186672	 -0.000000	 182519105305229.187500	  
13938797.731242	 -0.000000	 194290082192479.343750	  
14381244.382972	 -0.000000	 206820190002756.781250	  
14837735.218669	 -0.000000	 220158386419333.531250	  
15308716.030166	 -0.000000	 234356786492259.968750	  
15794646.759661	 -0.000000	 249470866262469.625000	  
16296001.948882	 -0.000000	 265559679517978.468750	  
16813271.202507	 -0.000000	 282686088529047.812500	  
17346959.666290	 -0.000000	 300917009663894.812500	  
17897588.520372	 -0.000000	 320323674844565.687500	  
18465695.488244	 -0.000000	 340981909864558.312500	  
19051835.361866	 -0.000000	 362972430655647.375000	  
19656580.543458	 -0.000000	 386381158661470.500000	  
20280521.604488	 -0.000000	 411299556550104.375000	  
20924267.862397	 -0.000000	 437824985577335.562500	  
21588447.975640	 -0.000000	 466061085996920.562500	  
22273710.557610	 -0.000000	 496118182004170.125000	  
22980724.810046	 -0.000000	 528113712795042.312500	  
23710181.176554	 -0.000000	 562172691425002.437500	  
24462792.016867	 -0.000000	 598428193260499.125000	  
25239292.302510	 -0.000000	 637021875931522.000000	  
26040440.334541	 -0.000000	 678104532816795.625000	  
26867018.484087	 -0.000000	 721836682224265.625000	  
27719833.956371	 -0.000000	 768389194568778.375000	  
28599719.579003	 -0.000000	 817943959997618.375000	  
29507534.615287	 -0.000000	 870694599072342.125000	  
30444165.603343	 -0.000000	 926847219283777.000000	  
31410527.221871	 -0.000000	 986621220355926.500000	  
32407563.183390	 -0.000000	 1050250151485407.250000	  
33436247.155830	 -0.000000	 1117982623865720.875000	  
34497583.713382	 -0.000000	 1190083282061813.250000	  
35592609.317530	 -0.000000	 1266833838030347.750000	  
36722393.329215	 -0.000000	 1348534171825582.250000	  
37888039.053135	 -0.000000	 1435503503291902.750000	  
39090684.815193	 -0.000000	 1528081639320787.750000	  
40331505.074141	 -0.000000	 1626630301545473.500000	  
41611711.568513	 -0.000000	 1731534539661113.500000	  
42932554.499963	 -0.000000	 1843204235892327.250000	  
44295323.754167	 -0.000000	 1962075706486514.000000	  
45701350.160475	 -0.000000	 2088613406490387.250000	  
47152006.791549	 -0.000000	 2223311744470323.500000	  
48648710.304256	 -0.000000	 2366697014267399.000000	  
50192922.323119	 -0.000000	 2519329451334630.000000	  
51786150.867688	 -0.000000	 2681805421690923.500000	  
53429951.825214	 -0.000000	 2854759752044657.500000	  
55125930.470069	 -0.000000	 3038868210190868.500000	  
56875743.031399	 -0.000000	 3234850145373684.000000	  
58681098.310533	 -0.000000	 3443471298930386.500000	  
60543759.349735	 -0.000000	 3665546796198681.000000	  
62465545.153928	 -0.000000	 3901944331377413.500000	  
64448332.467061	 -0.000000	 4153587557784793.000000	  
66494057.604876	 -0.000000	 4421459696760572.500000	  
68604718.345812	 -0.000000	 4706607379308205.000000	  
70782375.882009	 -0.000000	 5010144735501999.000000	  
73029156.832152	 -0.000000	 5333257747615065.000000	  
75347255.318265	 -0.000000	 5677208883995828.000000	  
77738935.108399	 -0.000000	 6043342031787846.000000	  
80206531.827342	 -0.000000	 6433087747770428.000000	  
82752455.237531	 -0.000000	 6847968847839602.000000	  
85379191.592288	 -0.000000	 7289606356952615.000000	  
88089306.063833	 -0.000000	 7759725842807703.000000	  
90885445.248324	 -0.000000	 8260164157986103.000000	  
93770339.750449	 -0.000000	 8792876616914631.000000	  
96746806.849985	 -0.000000	 9359944635668316.000000	  
99817753.253087	 -0.000000	 9963583864494160.000000	  
102986177.930849	 -0.000000	 10606152844804394.000000	  
106255175.047997	 -0.000000	 11290162224480532.000000	  
109627936.984536	 -0.000000	 12018284567485428.000000	  
113107757.453278	 -0.000000	 12793364796109472.000000	  
116698034.716408	 -0.000000	 13618431306671936.000000	  
120402274.904066	 -0.000000	 14496707802074176.000000	  
124224095.438310	 -0.000000	 15431625887466228.000000	  
128167228.565755	 -0.000000	 16426838478226402.000000	  
132235525.002347	 -0.000000	 17486234072646226.000000	  
136432957.693824	 -0.000000	 18613951945084688.000000	  
140763625.695549	 -0.000000	 19814398318956592.000000	  
145231758.175492	 -0.000000	 21092263582744516.000000	  
149841718.544278	 -0.000000	 22452540616302748.000000	  
154598008.716331	 -0.000000	 23900544299054748.000000	  
159505273.506270	 -0.000000	 25441932276310128.000000	  
164568305.164868	 -0.000000	 27082727064837236.000000	  
169792048.058978	 -0.000000	 28829339584062332.000000	  
175181603.500021	 -0.000000	 30688594204838468.000000	  
180742234.725731	 -0.000000	 32667755413651364.000000	  
186479372.040042	 -0.000000	 34774556196448212.000000	  
192398618.116109	 -0.000000	 37017228252988432.000000	  
198505753.467682	 -0.000000	 39404534159772072.000000	  
204806742.094125	 -0.000000	 41945801607209336.000000	  
211307737.304644	 -0.000000	 44650959844808512.000000	  
218015087.727375	 -0.000000	 47530578476774936.000000	  
224935343.509214	 -0.000000	 50595908759608064.000000	  
232075262.712449	 -0.000000	 53858927563052432.000000	  
239441817.914428	 -0.000000	 57332384166166088.000000	  
247042203.016713	 -0.000000	 61029850071350960.000000	  
254883840.270381	 -0.000000	 64965772030977200.000000	  
262974387.524314	 -0.000000	 69155528493787960.000000	  
271321745.703562	 -0.000000	 73615489691628480.000000	  
279934066.525100	 -0.000000	 78363081601278944.000000	  
288819760.458478	 -0.000000	 83416854031292800.000000	  
297987504.939179	 -0.000000	 88796553099877056.000000	  
307446252.842671	 -0.000000	 94523198386999616.000000	  
317205241.227457	 -0.000000	 100619165062168992.000000	  
327274000.355628	 -0.000000	 107108271308775408.000000	  
337662362.999771	 -0.000000	 114015871386588800.000000	  
348380474.045281	 -0.000000	 121368954696014752.000000	  
359438800.397474	 -0.000000	 129196251231175104.000000	  
370848141.203182	 -0.000000	 137528343833855376.000000	  
382619638.396784	 -0.000000	 146397787686885664.000000	  
394764787.581008	 -0.000000	 155839237513878624.000000	  
407295449.253103	 -0.000000	 165889582982286880.000000	  
420223860.387359	 -0.000000	 176588092838854912.000000	  
433562646.385276	 -0.000000	 187976568340603520.000000	  
447324833.405053	 -0.000000	 200099506580858656.000000	  
461523861.082452	 -0.000000	 213004274348454848.000000	  
476173595.655439	 -0.000000	 226741293199429696.000000	  
491288343.505434	 -0.000000	 241364236464313344.000000	  
506882865.128383	 -0.000000	 256930238960758496.000000	  
522972389.549308	 -0.000000	 273500120230913472.000000	  
539572629.194404	 -0.000000	 291138622175761408.000000	  
556699795.235196	 -0.000000	 309914662014908736.000000	  
574370613.419776	 -0.000000	 329901601560209344.000000	  
592602340.406521	 -0.000000	 351177533855286144.000000	  
611412780.616320	 -0.000000	 373825588300980544.000000	  
630820303.619689	 -0.000000	 397934255458837056.000000	  
650843862.075814	 -0.000000	 423597732801761536.000000	  
671503010.240994	 -0.000000	 450916292762716480.000000	  
692817923.064616	 -0.000000	 479996674519567936.000000	  
714809415.891227	 -0.000000	 510952501046756480.000000	  
737498964.788046	 -0.000000	 543904723063439680.000000	  
760908727.517661	 -0.000000	 578982091612546560.000000	  
785061565.176484	 -0.000000	 616321661117350784.000000	  
809981064.520065	 -0.000000	 656069324881058176.000000	  
835691560.996958	 -0.000000	 698380385121533056.000000	  
862218162.513893	 -0.000000	 743420159768834432.000000	  
889586773.955156	 -0.000000	 791364628395942016.000000	  
917824122.480367	 -0.000000	 842401119806855424.000000	  
946957783.625189	 -0.000000	 896729043968329728.000000	  
977016208.230570	 -0.000000	 954560671145241344.000000	  
1008028750.226803	 -0.000000	 1016121961283810048.000000	  
1040025695.299435	 -0.000000	 1081653446883074304.000000	  
1073038290.465141	 -0.000000	 1151411172804352128.000000	  
1107098774.586365	 -0.000000	 1225667696690631936.000000	  
1142240409.854663	 -0.000000	 1304713153904948224.000000	  
1178497514.273202	 -0.000000	 1388856391148115200.000000	  
1215905495.170523	 -0.000000	 1478426173185874432.000000	  
1254500883.777964	 -0.000000	 1573772467399692544.000000	  
1294321370.904711	 -0.000000	 1675267811180651008.000000	  
1335405843.745243	 -0.000000	 1783308767508945152.000000	  
1377794423.855060	 -0.000000	 1898317474406097664.000000	  
1421528506.331928	 -0.000000	 2020743294314282240.000000	  
1466650800.240757	 -0.000000	 2151064569846853632.000000	  
1513205370.321694	 -0.000000	 2289790492770414080.000000	  
1561237680.022091	 -0.000000	 2437463093520760832.000000	  
1610794635.894377	 -0.000000	 2594659359026097664.000000	  
1661924633.403282	 -0.000000	 2761993487112634368.000000	  
1714677604.186995	 -0.000000	 2940119286300451328.000000	  
1769105064.818544	 -0.000000	 3129732730366624256.000000	  
1825260167.114959	 -0.000000	 3331574677656527360.000000	  
1883197750.043317	 -0.000000	 3546433765768209920.000000	  
1942974393.274455	 -0.000000	 3775149492920237568.000000	  
2004648472.436525	 -0.000000	 4018615498042093568.000000	  
2068280216.122457	 -0.000000	 4277783052403556352.000000	  
2133931764.706948	 -0.000000	 4553664776425307648.000000	  
2201667231.030413	 -0.000000	 4847338596193126400.000000	  
2271552763.009185	 -0.000000	 5159951955134661632.000000	  
2343656608.233084	 -0.000000	 5492726297314604032.000000	  
2418049180.613453	 -0.000000	 5846961839865391104.000000	  
2494803129.146769	 -0.000000	 6224042653200507904.000000	  
2573993408.860894	 -0.000000	 6625442068859324416.000000	  
2655697354.013364	 -0.000000	 7052728436113582080.000000	  
2739994753.613116	 -0.000000	 7507571249827398656.000000	  
2826967929.339440	 -0.000000	 7991747673513719808.000000	  
2916701815.934253	 -0.000000	 8507149483074167808.000000	  
3009284044.146192	 -0.000000	 9055790458352861184.000000	  
3104805026.307491	 -0.000000	 9639814251384262656.000000	  
3203358044.627288	 -0.000000	 10261502762078361600.000000	  
3305039342.287546	 -0.000000	 10923285054068492288.000000	  
3409948217.430510	 -0.000000	 11627746845557510144.000000	  
3518187120.129557	 -0.000000	 12377640612245504000.000000	  
3629861752.438101	 -0.000000	 13175896341813004288.000000	  
3745081171.614269	 -0.000000	 14025632981979707392.000000	  
3863957896.622083	 -0.000000	 14930170626868150272.000000	  
3986608018.013326	 -0.000000	 15893043489288136704.000000	  
4113151311.297152	 -0.000000	 16918013709625481216.000000	  
4243711353.908416	 -0.000000	 18009086055291199488.000000	  
4378415645.888734	 -0.000000	 19170523568163258368.000000	  
4517395734.398230	 -0.000000	 20406864221159321600.000000	  
4660787342.179591	 -0.000000	 21722938649021497344.000000	  
4808730500.099816	 -0.000000	 23123889022590230528.000000	  
4961369683.899034	 -0.000000	 24615189140312395776.000000	  
5118853955.280178	 -0.000000	 26202665815487524864.000000	  
5281337107.477032	 -0.000000	 27892521642813861888.000000	  
5448977815.442907	 -0.000000	 29691359233188958208.000000	  
5621939790.806669	 -0.000000	 31606207011455336448.000000	  
5800391941.747383	 -0.000000	 33644546677887979520.000000	  
5984508537.943723	 -0.000000	 35814342440721313792.000000	  
6174469380.759169	 -0.000000	 38124072133932515328.000000	  
6370459978.829233	 -0.000000	 40582760341864955904.000000	  
6572671729.222394	 -0.000000	 43200013660119293952.000000	  
6781302104.351116	 -0.000000	 45986058230476873728.000000	  
6996554844.816108	 -0.000000	 48951779696519749632.000000	  
7218640158.371735	 -0.000000	 52108765736057102336.000000	  
7447774925.207045	 -0.000000	 55469351336542797824.000000	  
7684182909.742755	 -0.000000	 59046666990382628864.000000	  
7928094979.151264	 -0.000000	 62854689998443487232.000000	  
8179749328.812838	 -0.000000	 66908299082214064128.000000	  
8439391714.928316	 -0.000000	 71223332518000705536.000000	  
8707275694.515421	 -0.000000	 75816650020298997760.000000	  
8983662873.023005	 -0.000000	 80706198616131944448.000000	  
9268823159.804960	 -0.000000	 85911082767736815616.000000	  
9563035031.703981	 -0.000000	 91451639017597566976.000000	  
9866585805.001081	 -0.000000	 97349515447448846336.000000	  
10179771915.998413	 -0.000000	 103627756261749997568.000000	  
10502899210.507460	 -0.000000	 110310891826078220288.000000	  
10836283242.526697	 -0.000000	 117425034512264904704.000000	  
11180249582.400003	 -0.000000	 124997980724755447808.000000	  
11535134134.756142	 -0.000000	 133059319506816319488.000000	  
11901283466.540731	 -0.000000	 141640548150955769856.000000	  
12279055145.460659	 -0.000000	 150775195265263894528.000000	  
12668818089.171009	 -0.000000	 160498951776506576896.000000	  
13070952925.546581	 -0.000000	 170849810381854736384.000000	  
13485852364.388523	 -0.000000	 181868213994083516416.000000	  
13913921580.930075	 -0.000000	 193597213760271679488.000000	  
14355578611.515497	 -0.000000	 206082637271401201664.000000	  
14811254761.838705	 -0.000000	 219373267620089724928.000000	  
15281395028.140301	 -0.000000	 233521034006071115776.000000	  
15766458531.773987	 -0.000000	 248581214634148724736.000000	  
16266918967.567661	 -0.000000	 264612652697412534272.000000	  
16783265066.415586	 -0.000000	 281677986289565794304.000000	  
17316001072.554981	 -0.000000	 299843893144725291008.000000	  
17865647235.991714	 -0.000000	 319181351160898387968.000000	  
18432740320.557388	 -0.000000	 339765915725102120960.000000	  
19017834128.092190	 -0.000000	 361678014923628019712.000000	  
19621500039.267891	 -0.000000	 385003263790989836288.000000	  
20244327571.575714	 -0.000000	 409832798825260646400.000000	  
20886924955.027653	 -0.000000	 436263634076956884992.000000	  
21549919726.130943	 -0.000000	 464399040202687578112.000000	  
22233959340.716850	 -0.000000	 494348947964650061824.000000	  
22939711806.221352	 -0.000000	 526230377752491261952.000000	  
23667866334.036636	 -0.000000	 560167896805824790528.000000	  
24419134012.568794	 -0.000000	 596294105923794108416.000000	  
25194248501.660080	 -0.000000	 634750157563401207808.000000	  
25993966749.053829	 -0.000000	 675686307350916104192.000000	  
26819069729.600899	 -0.000000	 719262501161195274240.000000	  
27670363207.930771	 -0.000000	 765649000058808827904.000000	  
28548678525.330906	 -0.000000	 815027045542690029568.000000	  
29454873411.603302	 -0.000000	 867589567693575159808.000000	  
30389832822.691818	 -0.000000	 923541938991156953088.000000	  
31354469804.896328	 -0.000000	 983102776746155573248.000000	  
32349726386.519611	 -0.000000	 1046504797282683191296.000000	  
33376574497.817245	 -0.000000	 1113995725208344461312.000000	  
34436016920.147896	 -0.000000	 1185839261324712083456.000000	  
35529088265.252037	 -0.000000	 1262316112960070090752.000000	  
36656855985.615303	 -0.000000	 1343725090750140514304.000000	  
37820421416.901978	 -0.000000	 1430384276152057856000.000000	  
39020920853.478638	 -0.000000	 1522632264253443932160.000000	  
40259526658.076088	 -0.000000	 1620829486732339052544.000000	  
41537448406.675690	 -0.000000	 1725359620137244688384.000000	  
42855934069.734962	 -0.000000	 1836631084989469949952.000000	  
44216271230.909225	 -0.000000	 1955078641565330833408.000000	  
45619788344.457481	 -0.000000	 2081165088593098571776.000000	  
47067856032.560799	 -0.000000	 2215383071501869907968.000000	  
48561888423.820854	 -0.000000	 2358257007287625842688.000000	  
50103344534.244949	 -0.000000	 2510345133517253378048.000000	  
51693729692.065613	 -0.000000	 2672241689476346150912.000000	  
53334597007.788788	 -0.000000	 2844579237983232720896.000000	  
55027548890.902351	 -0.000000	 3028031136940648562688.000000	  
56774238614.729691	 -0.000000	 3223314170282263969792.000000	  
58576371930.954147	 -0.000000	 3431191348593473093632.000000	  
60435708735.392532	 -0.000000	 3652474890349201326080.000000	  
62354064786.642822	 -0.000000	 3888029395416850628608.000000	  
64333313479.286270	 -0.000000	 4138775223224116445184.000000	  
66375387673.374519	 -0.000000	 4405692088790758195200.000000	  
68482281581.987396	 -0.000000	 4689822890674609979392.000000	  
70656052718.707840	 -0.000000	 4992277785788821798912.000000	  
72898823906.911133	 -0.000000	 5314238527010838151168.000000	  
75212785352.835800	 -0.000000	 5656963080531751206912.000000	  
77600196784.456833	 -0.000000	 6021790540986424754176.000000	  
80063389658.250168	 -0.000000	 6410146363568800399360.000000	  
82604769436.006653	 -0.000000	 6823547933575819034624.000000	  
85226817933.915390	 -0.000000	 7263610495140761698304.000000	  
87932095746.212784	 -0.000000	 7732053462321131945984.000000	  
90723244745.762527	 -0.000000	 8230707137199528214528.000000	  
93602990664.009186	 -0.000000	 8761519861246590976000.000000	  
96574145752.826385	 -0.000000	 9326565627888154968064.000000	  
99639611530.855118	 -0.000000	 9928052186019715350528.000000	  
102802381617.019516	 -0.000000	 10568329666131312771072.000000	  
106065544653.981598	 -0.000000	 11249899762745763430400.000000	  
109432287324.394775	 -0.000000	 11975425509048893571072.000000	  
112905897462.898331	 -0.000000	 12747741681902512242688.000000	  
116489767266.892838	 -0.000000	 13569865877894857752576.000000	  
120187396609.233994	 -0.000000	 14445010303705310822400.000000	  
124002396456.076340	 -0.000000	 15376594326849933279232.000000	  
127938492393.208008	 -0.000000	 16368257835846942588928.000000	  
131999528264.317047	 -0.000000	 17423875462002234097664.000000	  
136189469924.746948	 -0.000000	 18547571718383554527232.000000	  
140512409114.400421	 -0.000000	 19743737115132636954624.000000	  
144972567453.580231	 -0.000000	 21017045314082869084160.000000	  
149574300565.664062	 -0.000000	 22372471389707611144192.000000	  
154322102330.643768	 -0.000000	 23815311267749685100544.000000	  
159220609273.680664	 -0.000000	 25351202417482085171200.000000	  
164274605092.961365	 -0.000000	 26986145878448409673728.000000	  
169489025331.277130	 -0.000000	 28726529707746298691584.000000	  
174868962195.894104	 -0.000000	 30579153939469040615424.000000	  
180419669531.405548	 -0.000000	 32551257153821585965056.000000	  
186146567950.443726	 -0.000000	 34650544759729161240576.000000	  
192055250127.246643	 -0.000000	 36885219101439271370752.000000	  
198151486259.251343	 -0.000000	 39264011506750272307200.000000	  
204441229702.055542	 -0.000000	 41796216402088638283776.000000	  
210930622783.241272	 -0.000000	 44491727627726020935680.000000	  
217626002800.738464	 -0.000000	 47361077095027022233600.000000	  
224533908211.596069	 -0.000000	 50415475936773451808768.000000	  
231661085017.191681	 -0.000000	 53666858311342513717248.000000	  
239014493351.124359	 -0.000000	 57127928031894673817600.000000	  
246601314276.220245	 -0.000000	 60812208202759148666880.000000	  
254428956797.288879	 -0.000000	 64734094056956692004864.000000	  
262505065096.479828	 -0.000000	 68908909201307113357312.000000	  
270837525998.304016	 -0.000000	 73352965488882002952192.000000	  
279434476671.610474	 -0.000000	 78083626752736814432256.000000	  
288304312576.041321	 -0.000000	 83119376649943745822720.000000	  
297455695660.723267	 -0.000000	 88479890881004827574272.000000	  
306897562823.197876	 -0.000000	 94186114066818688614400.000000	  
316639134636.868225	 -0.000000	 100260341583584763576320.000000	  
326689924355.456238	 -0.000000	 106726306675373723615232.000000	  
337059747203.297729	 -0.000000	 113609273184750967717888.000000	  
347758729960.517395	 -0.000000	 120936134263752053751808.000000	  
358797320852.462952	 -0.000000	 128735517450905245974528.000000	  
370186299753.054443	 -0.000000	 137037896524858277232640.000000	  
381936788711.998230	 -0.000000	 145875710571633572839424.000000	  
394060262816.168884	 -0.000000	 155283490730748078456832.000000	  
406568561395.747192	 -0.000000	 165297995115407454765056.000000	  
419473899586.062500	 -0.000000	 175958352433938052415488.000000	  
432788880256.440735	 -0.000000	 187306214873623789830144.000000	  
446526506317.695801	 -0.000000	 199385920844287237423104.000000	  
460700193420.276062	 -0.000000	 212244668217479766474752.000000	  
475323783055.494080	 -0.000000	 225932698738186398990336.000000	  
490411556072.602844	 -0.000000	 240503494329551690924032.000000	  
505978246624.938049	 -0.000000	 256013986057646638104576.000000	  
522039056558.741455	 -0.000000	 272524776572740861689856.000000	  
538609670258.717041	 -0.000000	 290100376896203883806720.000000	  
555706269964.805298	 -0.000000	 308809458478197050966016.000000	  
573345551575.154175	 -0.000000	 328725121511017808920576.000000	  
591544740950.714111	 -0.000000	 349925180546447480717312.000000	  
610321610737.357666	 -0.000000	 372492468533042761170944.000000	  
629694497721.991333	 -0.000000	 396515160461350929432576.000000	  
649682320739.552612	 -0.000000	 422087117881530940129280.000000	  
670304599148.461304	 -0.000000	 449308255639579406630912.000000	  
691581471892.475464	 -0.000000	 478284932264962834825216.000000	  
713533717167.631470	 -0.000000	 509130365535057497554944.000000	  
736182772713.462158	 -0.000000	 541965074840081083138048.000000	  
759550756748.267822	 -0.000000	 576917352076866322694144.000000	  
783660489568.963379	 -0.000000	 614123762911467362320384.000000	  
808535515836.503906	 -0.000000	 653729680369001424748544.000000	  
834200127568.728516	 -0.000000	 695889852835682871934976.000000	  
860679387863.028809	 -0.000000	 740769008692277993799680.000000	  
887999155372.042236	 -0.000000	 788542499941460436058112.000000	  
916186109556.222900	 -0.000000	 839396987343767330619392.000000	  
945267776738.017822	 -0.000000	 893531169739235148169216.000000	  
975272556983.032227	 -0.000000	 951156560404221794451456.000000	  
1006229751834.476074	 -0.000000	 1012498313476871297171456.000000	  
1038169592927.945068	 -0.000000	 1077796103680175214952448.000000	  
1071123271514.508789	 -0.000000	 1147305062779944098070528.000000	  
1105122968920.909180	 -0.000000	 1221296776436564795326464.000000	  
1140201887976.647461	 -0.000000	 1300060345345511337754624.000000	  
1176394285438.600830	 -0.000000	 1383903514812596359266304.000000	  
1213735505444.940430	 -0.000000	 1473153877177684988002304.000000	  
1252262014030.555420	 -0.000000	 1568160151783862878339072.000000	  
1292011434739.507812	 -0.000000	 1669293547497641440444416.000000	  
1333022585365.193115	 -0.000000	 1776949213093703488372736.000000	  
1375335515859.404053	 -0.000000	 1891547781184252954017792.000000	  
1418991547443.315674	 -0.000000	 2013537011715575551885312.000000	  
1464033312960.283203	 -0.000000	 2143393541457462647848960.000000	  
1510504798509.689453	 -0.000000	 2281624746320797586423808.000000	  
1556976284058.844727	 -0.000000	 2424175149121688504893440.000000	  
